y <-
c(0.21, 0.21, 0.23, 0.25, 0.19, 0.22, 0.22, 0.21, 0.201, 0.24, 
0.22, 0.2095, 0.221, 0.23, 0.22, 0.292, 0.23, 0.194857142857143, 
0.19, 0.208285714285714, 0.205714285714286, 0.2, 0.23, 0.228, 
0.214, 0.214, 0.27, 0.217285714285714, 0.23, 0.27, 0.22, 0.23, 
0.226, 0.24, 0.226, 0.219, 0.23, 0.220714285714286, 0.25, 0.221, 
0.245166666666667, 0.232, 0.232, 0.26, 0.248, 0.25, 0.31, 0.23, 
0.239, 0.234, 0.3, 0.26, 0.28, 0.255, 0.257, 0.27, 0.238714285714286, 
0.27, 0.34, 0.277, 0.26, 0.274, 0.266285714285714, 0.3, 0.292, 
0.292, 0.28, 0.272571428571429, 0.3, 0.296, 0.26, 0.283428571428571, 
0.281, 0.277, 0.27, 0.29, 0.3, 0.34, 0.287, 0.266857142857143, 
0.287, 0.31, 0.3, 0.324, 0.294, 0.279, 0.28, 0.267, 0.272333333333333
)
prec <-
c(6131.03334687854, 6215.69460596962, 10260.2840936166, 5368.54975052135, 
6601.28390805135, 7105.13024999538, 5909.44070425074, 6202.04678212929, 
6116.03885759091, 5550.53629744577, 7030.61940999424, 6983.11633767306, 
6978.80584714342, 5488.22897778766, 7701.473115182, 7373.29773199325, 
5556.504197088, 7382.80881902333, 6466.08160039084, 7073.41188452555, 
7152.35327808619, 7445.55891857734, 5789.70139917044, 6945.56336673249, 
7399.87007535419, 6081.86290707319, 7469.31753779276, 6799.76964371126, 
5721.48502152333, 7535.00003873493, 5783.12127621142, 13600.8713005995, 
6647.53926738357, 5521.05031095365, 5843.6190874675, 5866.92769718302, 
5564.34101973552, 6703.86170892292, 5336.84287404262, 6831.5640688525, 
6258.27814439549, 5583.12389429053, 5671.91107751631, 6286.9399724811, 
5354.74749439666, 5260.26172367551, 6956.66970361885, 8935.39589882692, 
5446.97159028066, 6313.34987737814, 7182.18746185884, 5321.14170998329, 
4967.15482812954, 5146.10155693733, 6361.48935763768, 6021.42201684183, 
6362.16997506834, 5055.34288920613, 6835.65077293205, 5077.20747199436, 
8206.73710259853, 4990.29744616276, 5981.44642721808, 4726.09981179986, 
4769.97903330627, 5826.88243931228, 6039.97583103831, 5825.6897750451, 
4822.5554882209, 4905.50801268337, 6227.23122812536, 5642.79807702841, 
5038.01319180912, 7959.4259756473, 6106.72769854395, 4906.15177622298, 
7159.80358953301, 4301.69490016447, 4793.96103037487, 6000.20810425449, 
4815.63403602523, 7441.34406108292, 7243.08182786837, 6808.20584920996, 
4767.78314177982, 9867.80095613487, 5988.27984065174, 5866.71475233173, 
5899.62359016554)
date <-
c(1, 2, 8, 8, 9, 15, 22, 28, 28, 29, 31, 32, 34, 36, 36, 38, 
38, 39, 44, 46, 53, 53, 56, 56, 57, 57, 58, 60, 63, 64, 64, 65, 
67, 71, 71, 73, 73, 74, 77, 80, 81, 81, 81, 81, 82, 83, 85, 85, 
85, 87, 88, 90, 92, 92, 92, 94, 95, 98, 99, 99, 99, 99, 102, 
104, 106, 106, 107, 109, 111, 113, 115, 116, 116, 117, 117, 118, 
120, 120, 120, 123, 124, 127, 127, 127, 127, 127, 127, 127, 128
)
org <-
structure(c(9L, 1L, 4L, 8L, 2L, 5L, 1L, 2L, 3L, 10L, 4L, 9L, 
5L, 1L, 6L, 11L, 8L, 9L, 2L, 9L, 9L, 4L, 2L, 5L, 3L, 1L, 10L, 
9L, 2L, 6L, 1L, 4L, 9L, 2L, 1L, 3L, 8L, 9L, 2L, 5L, 9L, 1L, 1L, 
4L, 3L, 2L, 11L, 7L, 1L, 9L, 10L, 2L, 8L, 1L, 5L, 4L, 9L, 2L, 
6L, 3L, 7L, 1L, 9L, 2L, 1L, 5L, 4L, 9L, 2L, 1L, 5L, 9L, 1L, 3L, 
4L, 2L, 6L, 8L, 1L, 9L, 2L, 6L, 10L, 11L, 1L, 3L, 4L, 5L, 9L), .Label = c("Consulta Mitofsky", 
"El Sol de México-Parametría", "El Universal-Buendía y Laredo", 
"Excélsior-Ulises Beltrán", "Grupo Fórmula-Con Estadística", 
"Grupo Reforma", "Indemerc", "Ipsos-Bimsa", "Milenio-GEA ISA", 
"SDP Noticias-Covarrubias", "UNO TV-María de las Heras"), class = "factor")
NPOLLS <-
89L
NPERIODS <-
128L
alpha <-
c(NA, NA, NA, NA, NA, NA, NA, NA, NA, NA, NA, NA, NA, NA, NA, 
NA, NA, NA, NA, NA, NA, NA, NA, NA, NA, NA, NA, NA, NA, NA, NA, 
NA, NA, NA, NA, NA, NA, NA, NA, NA, NA, NA, NA, NA, NA, NA, NA, 
NA, NA, NA, NA, NA, NA, NA, NA, NA, NA, NA, NA, NA, NA, NA, NA, 
NA, NA, NA, NA, NA, NA, NA, NA, NA, NA, NA, NA, NA, NA, NA, NA, 
NA, NA, NA, NA, NA, NA, NA, NA, NA, NA, NA, NA, NA, NA, NA, NA, 
NA, NA, NA, NA, NA, NA, NA, NA, NA, NA, NA, NA, NA, NA, NA, NA, 
NA, NA, NA, NA, NA, NA, NA, NA, NA, NA, NA, NA, NA, NA, NA, NA, 
NA)
