y <-
c(0.01, 0.01, 0.01, 0.005, 0.02, 0.01, 0.005, 0.01, 0.013, 0.01, 
0.01, 0.00783333333333333, 0.003, 0.005, 0.01, 0.013, 0.005, 
0.00371428571428571, 0.02, 0.00885714285714286, 0.0112857142857143, 
0.01, 0.01, 0.009, 0.014, 0.008, 0.01, 0.0145714285714286, 0.01, 
0.02, 0.01, 0.02, 0.0168571428571429, 0.01, 0.014, 0.014, 0.01, 
0.0165714285714286, 0.02, 0.032, 0.0438333333333333, 0.024, 0.024, 
0.03, 0.025, 0.05, 0.04, 0.03, 0.021, 0.0594, 0.04, 0.03, 0.04, 
0.023, 0.024, 0.04, 0.048, 0.03, 0.05, 0.025, 0.03, 0.02, 0.0377142857142857, 
0.03, 0.019, 0.02, 0.02, 0.035, 0.04, 0.018, 0.043, 0.0277142857142857, 
0.023, 0.036, 0.02, 0.04, 0.04, 0.01, 0.023, 0.0285714285714286, 
0.038, 0.04, 0.03, 0.045, 0.02, 0.027, 0.03, 0.042, 0.027)
prec <-
c(100662.899419735, 100715.025166388, 180269.398835814, 207024116.435396, 
52683.4276606561, 121621.684023015, 234594543.704359, 98460.896312001, 
80265.6270927373, 103757.73494302, 122538.016486482, 155862.3900019, 
400350.173201027, 263415722.695843, 134505.555710111, 113797.542119586, 
256020217.332975, 314058.806459075, 50433.3356873799, 129361.571000305, 
102269.135792979, 121187.887200152, 101384.671520994, 130653.957146637, 
91472.5383094699, 125446.414856237, 150683.751227414, 78569.7069679232, 
103015.128580782, 77151.3071822419, 103328.059496876, 120648.870566408, 
66455.9415441836, 104000.323983204, 71682.3713577434, 72655.1471108585, 
100761.645091391, 71543.6906095752, 52730.5096755559, 38446.9332829103, 
27502.4127683633, 42848.6138270293, 42734.1377315704, 40742.3305097427, 
40836.2233048738, 21130.4810915024, 39185.3872428574, 53620.6639485952, 
48234.6643582218, 20000.9780889241, 39958.819640838, 34459.6950418663, 
26375.938864, 44542.4624162758, 51609.3494061874, 31273.8643980459, 
25083.9262006362, 35037.8401618522, 31574.3301004485, 42174.2111147341, 
54109.7530683457, 50653.0494531738, 32169.1448435288, 34593.9993012711, 
55028.1561911195, 61344.3509016119, 62487.5647153452, 34135.9078547296, 
26274.7199719566, 55770.3389204044, 29404.574013524, 43127.9201660452, 
43311.9795647877, 45484.9998360152, 61973.8835317326, 26460.042225926, 
39819.6475064483, 100303.072886008, 44177.8814347233, 41995.4419042833, 
27513.2294373257, 42697.4856797973, 51389.0722923617, 34248.8664360069, 
50085.4139501035, 76646.2530102586, 42280.4133878401, 28521.3735703099, 
44034.3018962853)
date <-
c(1, 2, 8, 8, 9, 15, 22, 28, 28, 29, 31, 32, 34, 36, 36, 38, 
38, 39, 44, 46, 53, 53, 56, 56, 57, 57, 58, 60, 63, 64, 64, 65, 
67, 71, 71, 73, 73, 74, 77, 80, 81, 81, 81, 81, 82, 83, 85, 85, 
85, 87, 88, 90, 92, 92, 92, 94, 95, 98, 99, 99, 99, 99, 102, 
104, 106, 106, 107, 109, 111, 113, 115, 116, 116, 117, 117, 118, 
120, 120, 120, 123, 124, 127, 127, 127, 127, 127, 127, 127, 128
)
org <-
structure(c(9L, 1L, 4L, 8L, 2L, 5L, 1L, 2L, 3L, 10L, 4L, 9L, 
5L, 1L, 6L, 11L, 8L, 9L, 2L, 9L, 9L, 4L, 2L, 5L, 3L, 1L, 10L, 
9L, 2L, 6L, 1L, 4L, 9L, 2L, 1L, 3L, 8L, 9L, 2L, 5L, 9L, 1L, 1L, 
4L, 3L, 2L, 11L, 7L, 1L, 9L, 10L, 2L, 8L, 1L, 5L, 4L, 9L, 2L, 
6L, 3L, 7L, 1L, 9L, 2L, 1L, 5L, 4L, 9L, 2L, 1L, 5L, 9L, 1L, 3L, 
4L, 2L, 6L, 8L, 1L, 9L, 2L, 6L, 10L, 11L, 1L, 3L, 4L, 5L, 9L), .Label = c("Consulta Mitofsky", 
"El Sol de México-Parametría", "El Universal-Buendía y Laredo", 
"Excélsior-Ulises Beltrán", "Grupo Fórmula-Con Estadística", 
"Grupo Reforma", "Indemerc", "Ipsos-Bimsa", "Milenio-GEA ISA", 
"SDP Noticias-Covarrubias", "UNO TV-María de las Heras"), class = "factor")
NPOLLS <-
89L
NPERIODS <-
128L
alpha <-
c(NA, NA, NA, NA, NA, NA, NA, NA, NA, NA, NA, NA, NA, NA, NA, 
NA, NA, NA, NA, NA, NA, NA, NA, NA, NA, NA, NA, NA, NA, NA, NA, 
NA, NA, NA, NA, NA, NA, NA, NA, NA, NA, NA, NA, NA, NA, NA, NA, 
NA, NA, NA, NA, NA, NA, NA, NA, NA, NA, NA, NA, NA, NA, NA, NA, 
NA, NA, NA, NA, NA, NA, NA, NA, NA, NA, NA, NA, NA, NA, NA, NA, 
NA, NA, NA, NA, NA, NA, NA, NA, NA, NA, NA, NA, NA, NA, NA, NA, 
NA, NA, NA, NA, NA, NA, NA, NA, NA, NA, NA, NA, NA, NA, NA, NA, 
NA, NA, NA, NA, NA, NA, NA, NA, NA, NA, NA, NA, NA, NA, NA, NA, 
NA)
