y <-
c(0.43, 0.485, 0.47, 0.45, 0.48, 0.46, 0.48, 0.47, 0.505, 0.48, 
0.47, 0.462166666666667, 0.48, 0.48, 0.45, 0.389, 0.47, 0.487428571428571, 
0.51, 0.490714285714286, 0.522857142857143, 0.5, 0.51, 0.481, 
0.543, 0.498, 0.47, 0.510714285714286, 0.51, 0.42, 0.5, 0.47, 
0.495, 0.49, 0.482, 0.491, 0.49, 0.494285714285714, 0.48, 0.491, 
0.4585, 0.478, 0.478, 0.45, 0.496, 0.46, 0.39, 0.5, 0.48, 0.4513, 
0.4, 0.46, 0.43, 0.472, 0.436, 0.45, 0.467, 0.45, 0.38, 0.438, 
0.5, 0.449, 0.443142857142857, 0.43, 0.436, 0.447, 0.42, 0.456714285714286, 
0.43, 0.438, 0.454, 0.442571428571429, 0.443, 0.436, 0.42, 0.43, 
0.42, 0.41, 0.444, 0.454714285714286, 0.439, 0.41, 0.41, 0.402, 
0.445, 0.45, 0.44, 0.444, 0.456666666666667)
prec <-
c(3991.7197976792, 4023.80108672491, 7452.5805584277, 4127.07652062763, 
3963.73995244531, 4757.39748883294, 4043.86650964471, 3936.8312174919, 
3993.4287353705, 4097.97435949986, 4814.45904908966, 4681.04806188581, 
4773.6220999089, 4052.16844943368, 5392.0061407728, 6211.97915734927, 
3934.88877473021, 4629.84070858489, 3987.66784991925, 4642.18603884148, 
4717.14257173586, 4763.66111454851, 4093.89415590554, 4746.03779728853, 
5069.83240398354, 3942.41682087111, 5938.67891096034, 4528.05843270895, 
3934.92676136824, 6295.4658066965, 4112.1492587913, 9490.68304324365, 
4618.51041571451, 3900.01406482592, 4088.08353281091, 4094.4613323961, 
3967.67094478205, 4685.07563482738, 4028.15523774055, 4776.7359950239, 
4705.53261693968, 3879.52278732676, 4075.42822257068, 4929.08621604998, 
3975.58681950676, 4081.02296440996, 6232.27976871826, 6128.80624465914, 
3879.75687395904, 4456.55806773521, 6296.26713770843, 3859.74293532326, 
4097.1061505403, 4047.55577182224, 4938.16237859121, 4922.70888932811, 
4654.70765442787, 4130.88380612963, 6353.30979763023, 4048.23739044987, 
6151.59815950215, 3991.58980197193, 4698.09833213583, 3995.62950883258, 
4051.41702170002, 4735.90846179826, 4928.01269876058, 4666.64210934558, 
4055.66351235466, 3989.84786905357, 4809.11231072733, 4753.70216810415, 
4070.1747400604, 6640.63297556669, 4948.46788633896, 4132.27510630186, 
6125.51782905545, 4220.49067838304, 4096.50362885503, 4619.67485388377, 
4096.72056392955, 6542.75417367049, 6238.432005512, 6364.4559928726, 
3986.17800018839, 8069.03896443979, 4980.9595563221, 4706.85017863123, 
4497.46582869953)
date <-
c(1, 2, 8, 8, 9, 15, 22, 28, 28, 29, 31, 32, 34, 36, 36, 38, 
38, 39, 44, 46, 53, 53, 56, 56, 57, 57, 58, 60, 63, 64, 64, 65, 
67, 71, 71, 73, 73, 74, 77, 80, 81, 81, 81, 81, 82, 83, 85, 85, 
85, 87, 88, 90, 92, 92, 92, 94, 95, 98, 99, 99, 99, 99, 102, 
104, 106, 106, 107, 109, 111, 113, 115, 116, 116, 117, 117, 118, 
120, 120, 120, 123, 124, 127, 127, 127, 127, 127, 127, 127, 128
)
org <-
structure(c(9L, 1L, 4L, 8L, 2L, 5L, 1L, 2L, 3L, 10L, 4L, 9L, 
5L, 1L, 6L, 11L, 8L, 9L, 2L, 9L, 9L, 4L, 2L, 5L, 3L, 1L, 10L, 
9L, 2L, 6L, 1L, 4L, 9L, 2L, 1L, 3L, 8L, 9L, 2L, 5L, 9L, 1L, 1L, 
4L, 3L, 2L, 11L, 7L, 1L, 9L, 10L, 2L, 8L, 1L, 5L, 4L, 9L, 2L, 
6L, 3L, 7L, 1L, 9L, 2L, 1L, 5L, 4L, 9L, 2L, 1L, 5L, 9L, 1L, 3L, 
4L, 2L, 6L, 8L, 1L, 9L, 2L, 6L, 10L, 11L, 1L, 3L, 4L, 5L, 9L), .Label = c("Consulta Mitofsky", 
"El Sol de México-Parametría", "El Universal-Buendía y Laredo", 
"Excélsior-Ulises Beltrán", "Grupo Fórmula-Con Estadística", 
"Grupo Reforma", "Indemerc", "Ipsos-Bimsa", "Milenio-GEA ISA", 
"SDP Noticias-Covarrubias", "UNO TV-María de las Heras"), class = "factor")
NPOLLS <-
89L
NPERIODS <-
128L
alpha <-
c(NA, NA, NA, NA, NA, NA, NA, NA, NA, NA, NA, NA, NA, NA, NA, 
NA, NA, NA, NA, NA, NA, NA, NA, NA, NA, NA, NA, NA, NA, NA, NA, 
NA, NA, NA, NA, NA, NA, NA, NA, NA, NA, NA, NA, NA, NA, NA, NA, 
NA, NA, NA, NA, NA, NA, NA, NA, NA, NA, NA, NA, NA, NA, NA, NA, 
NA, NA, NA, NA, NA, NA, NA, NA, NA, NA, NA, NA, NA, NA, NA, NA, 
NA, NA, NA, NA, NA, NA, NA, NA, NA, NA, NA, NA, NA, NA, NA, NA, 
NA, NA, NA, NA, NA, NA, NA, NA, NA, NA, NA, NA, NA, NA, NA, NA, 
NA, NA, NA, NA, NA, NA, NA, NA, NA, NA, NA, NA, NA, NA, NA, NA, 
NA)
