y <-
c(0.35, 0.295, 0.29, 0.3, 0.31, 0.31, 0.3, 0.31, 0.281, 0.27, 
0.3, 0.3205, 0.297, 0.29, 0.32, 0.306, 0.3, 0.314, 0.28, 0.293142857142857, 
0.261142857142857, 0.29, 0.25, 0.282, 0.229, 0.28, 0.25, 0.257, 
0.25, 0.29, 0.27, 0.28, 0.262142857142857, 0.26, 0.278, 0.276, 
0.27, 0.268428571428571, 0.25, 0.255, 0.2525, 0.266, 0.266, 0.26, 
0.231, 0.24, 0.26, 0.24, 0.26, 0.2553, 0.26, 0.25, 0.25, 0.25, 
0.282, 0.24, 0.246285714285714, 0.25, 0.23, 0.26, 0.22, 0.257, 
0.252857142857143, 0.24, 0.253, 0.241, 0.28, 0.235714285714286, 
0.23, 0.248, 0.243, 0.246285714285714, 0.253, 0.251, 0.29, 0.24, 
0.24, 0.24, 0.246, 0.249857142857143, 0.236, 0.24, 0.26, 0.229, 
0.241, 0.244, 0.25, 0.247, 0.244)
prec <-
c(4362.20063721801, 4929.68806474915, 8746.70368233283, 4783.0129605464, 
4681.35112509366, 5640.40403874949, 4922.41881634486, 4612.63393679139, 
5026.7206542924, 5107.35803114164, 5666.8543079749, 5226.48663403433, 
5718.55639281627, 4844.13277191739, 6144.30618818774, 7135.60820539736, 
4746.52249990551, 5375.65529500861, 4968.33129922322, 5628.69037633718, 
6035.12060391543, 5915.8688247786, 5419.17131180414, 5855.89038717778, 
7047.73266332636, 5020.6862862959, 7910.27482509996, 5977.33759508224, 
5317.10299603755, 7558.75816730424, 5006.70487320707, 11654.2311091974, 
6001.12755869867, 5354.8923444511, 4924.99876378705, 5011.42537256859, 
5123.44373308833, 5807.27854039808, 5295.53643580205, 6369.07335769002, 
6037.56245220426, 5183.67176266686, 5052.72774944787, 6248.44581527503, 
5487.96107939595, 5436.98468392291, 7707.5981312906, 8538.91592890028, 
5184.41721639146, 5896.43824412709, 7601.40115184593, 5249.38692253435, 
5291.79896959364, 5262.35064603166, 5910.11913486755, 6497.35892780676, 
6160.75189669932, 5275.49828783274, 8244.10265633787, 5198.26225166382, 
9192.38858207324, 5236.64669826761, 5988.73134762713, 5338.47791691759, 
5390.52105297526, 6522.09286318856, 5899.39309962575, 6442.69932840837, 
5582.48812975544, 5365.60161627203, 6623.08959412484, 6267.72514205497, 
5262.85056856287, 8439.08040948685, 5763.64063109777, 5522.46240738698, 
8330.33298968579, 5560.12602806831, 5441.72564208475, 5909.52605233132, 
5508.72934215879, 8659.00499351012, 7660.64970898965, 8475.10095694723, 
5520.06864065413, 10633.0411260141, 6466.10869434929, 6250.26190788347, 
6466.69072967133)
date <-
c(1, 2, 8, 8, 9, 15, 22, 28, 28, 29, 31, 32, 34, 36, 36, 38, 
38, 39, 44, 46, 53, 53, 56, 56, 57, 57, 58, 60, 63, 64, 64, 65, 
67, 71, 71, 73, 73, 74, 77, 80, 81, 81, 81, 81, 82, 83, 85, 85, 
85, 87, 88, 90, 92, 92, 92, 94, 95, 98, 99, 99, 99, 99, 102, 
104, 106, 106, 107, 109, 111, 113, 115, 116, 116, 117, 117, 118, 
120, 120, 120, 123, 124, 127, 127, 127, 127, 127, 127, 127, 128
)
org <-
structure(c(9L, 1L, 4L, 8L, 2L, 5L, 1L, 2L, 3L, 10L, 4L, 9L, 
5L, 1L, 6L, 11L, 8L, 9L, 2L, 9L, 9L, 4L, 2L, 5L, 3L, 1L, 10L, 
9L, 2L, 6L, 1L, 4L, 9L, 2L, 1L, 3L, 8L, 9L, 2L, 5L, 9L, 1L, 1L, 
4L, 3L, 2L, 11L, 7L, 1L, 9L, 10L, 2L, 8L, 1L, 5L, 4L, 9L, 2L, 
6L, 3L, 7L, 1L, 9L, 2L, 1L, 5L, 4L, 9L, 2L, 1L, 5L, 9L, 1L, 3L, 
4L, 2L, 6L, 8L, 1L, 9L, 2L, 6L, 10L, 11L, 1L, 3L, 4L, 5L, 9L), .Label = c("Consulta Mitofsky", 
"El Sol de México-Parametría", "El Universal-Buendía y Laredo", 
"Excélsior-Ulises Beltrán", "Grupo Fórmula-Con Estadística", 
"Grupo Reforma", "Indemerc", "Ipsos-Bimsa", "Milenio-GEA ISA", 
"SDP Noticias-Covarrubias", "UNO TV-María de las Heras"), class = "factor")
NPOLLS <-
89L
NPERIODS <-
128L
alpha <-
c(NA, NA, NA, NA, NA, NA, NA, NA, NA, NA, NA, NA, NA, NA, NA, 
NA, NA, NA, NA, NA, NA, NA, NA, NA, NA, NA, NA, NA, NA, NA, NA, 
NA, NA, NA, NA, NA, NA, NA, NA, NA, NA, NA, NA, NA, NA, NA, NA, 
NA, NA, NA, NA, NA, NA, NA, NA, NA, NA, NA, NA, NA, NA, NA, NA, 
NA, NA, NA, NA, NA, NA, NA, NA, NA, NA, NA, NA, NA, NA, NA, NA, 
NA, NA, NA, NA, NA, NA, NA, NA, NA, NA, NA, NA, NA, NA, NA, NA, 
NA, NA, NA, NA, NA, NA, NA, NA, NA, NA, NA, NA, NA, NA, NA, NA, 
NA, NA, NA, NA, NA, NA, NA, NA, NA, NA, NA, NA, NA, NA, NA, NA, 
NA)
